1778342620521 2.05194 0
1778342628380 1.66278 1
1778342636922 1.46424 2
1778342645344 1.24119 3
1778342653717 1.21591 4
1778342662578 1.17925 5
1778342670901 1.15088 6
1778342679383 1.25623 7
1778342687870 1.12616 8
1778342696576 1.13548 9
1778342705240 1.2303 10
1778342713763 0.99869 11
1778342721917 1.09759 12
1778342730213 1.14623 13
1778342738405 0.96968 14
1778342746796 1.18616 15
1778342755248 0.94238 16
1778342764098 1.10518 17
1778342772438 1.05403 18
1778342780731 1.02397 19
1778342789315 0.94371 20
1778342797848 1.03193 21
1778342806142 0.90485 22
1778342814423 0.90243 23
1778342823322 1.06432 24
1778342834347 0.87055 25
1778342844522 0.83768 26
1778342853981 0.92597 27
1778342863072 0.84198 28
1778342874847 0.83474 29
1778342885016 0.83727 30
1778342894479 0.72289 31
1778342903779 0.92012 32
1778342912356 0.86321 33
1778342920620 0.98109 34
1778342928969 0.79278 35
1778342937254 0.87018 36
1778342945480 0.7972 37
1778342954016 0.80658 38
1778342962205 0.72976 39
1778342971403 0.76604 40
1778342980587 0.86419 41
1778342988687 0.76656 42
1778342996689 0.69495 43
1778343004852 0.73212 44
1778343013352 0.74593 45
1778343022166 0.65801 46
1778343030294 0.67581 47
1778343038455 0.7565 48
1778343046396 0.72866 49
