1778342620521 3.57104 0
1778342628380 3.39891 1
1778342636922 3.06626 2
1778342645344 2.74808 3
1778342653717 2.5138 4
1778342662578 2.51733 5
1778342670901 2.30487 6
1778342679383 1.99513 7
1778342687870 1.93119 8
1778342696576 1.89131 9
1778342705240 1.75819 10
1778342713763 1.74823 11
1778342721917 1.69263 12
1778342730213 1.57909 13
1778342738405 1.73082 14
1778342746796 1.49803 15
1778342755248 1.45948 16
1778342764098 1.41725 17
1778342772438 1.26105 18
1778342780731 1.3464 19
1778342789315 1.28288 20
1778342797848 2.63361 21
1778342806142 1.20655 22
1778342814423 1.29185 23
1778342823322 1.31091 24
1778342834347 1.16853 25
1778342844522 1.19539 26
1778342853981 1.20643 27
1778342863072 1.00875 28
1778342874847 1.08042 29
1778342885016 0.99602 30
1778342894479 0.90787 31
1778342903779 1.20371 32
1778342912356 1.02106 33
1778342920620 1.11957 34
1778342928969 0.89997 35
1778342937254 1.01299 36
1778342945480 0.95881 37
1778342954016 0.99331 38
1778342962205 0.95999 39
1778342971403 1.01558 40
1778342980587 1.17223 41
1778342988687 1.36243 42
1778342996689 0.93647 43
1778343004852 1.07002 44
1778343013352 0.97147 45
1778343022166 0.90696 46
1778343030294 0.87607 47
1778343038455 0.88861 48
1778343046396 0.90181 49
