1778342620521 1.65333 0
1778342628380 1.44665 1
1778342636922 1.36947 2
1778342645344 1.20134 3
1778342653717 1.19293 4
1778342662578 1.15749 5
1778342670901 1.08758 6
1778342679383 1.13491 7
1778342687870 1.08234 8
1778342696576 1.0715 9
1778342705240 1.12543 10
1778342713763 1.02184 11
1778342721917 1.07339 12
1778342730213 1.08552 13
1778342738405 1.01578 14
1778342746796 1.11876 15
1778342755248 1.03599 16
1778342764098 1.16485 17
1778342772438 1.05169 18
1778342780731 1.08481 19
1778342789315 1.04603 20
1778342797848 1.15865 21
1778342806142 1.04503 22
1778342814423 1.06523 23
1778342823322 1.06798 24
1778342834347 1.03267 25
1778342844522 1.01169 26
1778342853981 1.05807 27
1778342863072 1.03942 28
1778342874847 1.04851 29
1778342885016 1.01418 30
1778342894479 0.9789 31
1778342903779 1.0252 32
1778342912356 1.00859 33
1778342920620 1.13435 34
1778342928969 1.01351 35
1778342937254 1.02278 36
1778342945480 0.99943 37
1778342954016 0.97009 38
1778342962205 0.98363 39
1778342971403 0.97314 40
1778342980587 1.11729 41
1778342988687 0.98501 42
1778342996689 0.97171 43
1778343004852 0.9539 44
1778343013352 1.00363 45
1778343022166 0.94437 46
1778343030294 0.96398 47
1778343038455 0.97998 48
1778343046396 0.97455 49
