1778342621408 0.06195 0
1778342629587 0.07381 1
1778342638127 0.08473 2
1778342646505 0.09425 3
1778342654886 0.14247 4
1778342663652 0.29001 5
1778342672052 0.37265 6
1778342680453 0.37265 7
1778342688935 0.41847 8
1778342697801 0.4505 9
1778342706316 0.4505 10
1778342714791 0.43766 11
1778342722966 0.43766 12
1778342731262 0.43766 13
1778342739589 0.43221 14
1778342747902 0.43221 15
1778342756288 0.53112 16
1778342765170 0.53112 17
1778342773548 0.53112 18
1778342781868 0.70017 19
1778342790457 0.70017 20
1778342799001 0.70017 21
1778342807274 0.74197 22
1778342815503 0.74197 23
1778342824827 0.78447 24
1778342835880 0.78447 25
1778342845710 0.78447 26
1778342855251 0.85015 27
1778342864360 0.85015 28
1778342876293 0.85015 29
1778342886409 0.87415 30
1778342895974 0.87415 31
1778342904976 0.88424 32
1778342913455 0.88424 33
1778342921708 0.88424 34
1778342930152 0.87854 35
1778342938383 0.87854 36
1778342946566 0.87854 37
1778342955096 0.87649 38
1778342963271 0.87649 39
1778342972593 0.87242 40
1778342981815 0.87242 41
1778342989772 0.87242 42
1778342997932 0.86729 43
1778343006000 0.86729 44
1778343015028 0.86729 45
1778343023358 0.86234 46
1778343031451 0.86234 47
1778343039644 0.8654 48
1778343047609 0.8654 49
1778343052114 0.8790251694362461 49
