1778342621408 0.02485 0
1778342629587 0.03275 1
1778342638127 0.03983 2
1778342646505 0.04587 3
1778342654886 0.07639 4
1778342663652 0.15929 5
1778342672052 0.2115 6
1778342680453 0.2115 7
1778342688935 0.22846 8
1778342697801 0.26946 9
1778342706316 0.26946 10
1778342714791 0.276 11
1778342722966 0.276 12
1778342731262 0.276 13
1778342739589 0.28637 14
1778342747902 0.28637 15
1778342756288 0.36596 16
1778342765170 0.36596 17
1778342773548 0.36596 18
1778342781868 0.5092 19
1778342790457 0.5092 20
1778342799001 0.5092 21
1778342807274 0.53941 22
1778342815503 0.53941 23
1778342824827 0.61034 24
1778342835880 0.61034 25
1778342845710 0.61034 26
1778342855251 0.65366 27
1778342864360 0.65366 28
1778342876293 0.65366 29
1778342886409 0.6616 30
1778342895974 0.6616 31
1778342904976 0.70124 32
1778342913455 0.70124 33
1778342921708 0.70124 34
1778342930152 0.70155 35
1778342938383 0.70155 36
1778342946566 0.70155 37
1778342955096 0.69833 38
1778342963271 0.69833 39
1778342972593 0.6826 40
1778342981815 0.6826 41
1778342989772 0.6826 42
1778342997932 0.67967 43
1778343006000 0.67967 44
1778343015028 0.67967 45
1778343023358 0.67738 46
1778343031451 0.67738 47
1778343039644 0.67811 48
1778343047609 0.67811 49
1778343052114 0.7021172942636109 49
