1778342621408 0.05835 0
1778342629587 0.06913 1
1778342638127 0.07754 2
1778342646505 0.08153 3
1778342654886 0.0805 4
1778342663652 0.08396 5
1778342672052 0.94648 6
1778342680453 0.94648 7
1778342688935 0.9312 8
1778342697801 0.88336 9
1778342706316 0.88336 10
1778342714791 0.38533 11
1778342722966 0.38533 12
1778342731262 0.38533 13
1778342739589 0.88992 14
1778342747902 0.88992 15
1778342756288 0.38726 16
1778342765170 0.38726 17
1778342773548 0.38726 18
1778342781868 0.72113 19
1778342790457 0.72113 20
1778342799001 0.72113 21
1778342807274 0.66683 22
1778342815503 0.66683 23
1778342824827 0.60454 24
1778342835880 0.60454 25
1778342845710 0.60454 26
1778342855251 0.79406 27
1778342864360 0.79406 28
1778342876293 0.79406 29
1778342886409 0.84346 30
1778342895974 0.84346 31
1778342904976 0.87521 32
1778342913455 0.87521 33
1778342921708 0.87521 34
1778342930152 0.87259 35
1778342938383 0.87259 36
1778342946566 0.87259 37
1778342955096 0.88516 38
1778342963271 0.88516 39
1778342972593 0.85666 40
1778342981815 0.85666 41
1778342989772 0.85666 42
1778342997932 0.86751 43
1778343006000 0.86751 44
1778343015028 0.86751 45
1778343023358 0.85809 46
1778343031451 0.85809 47
1778343039644 0.85662 48
1778343047609 0.85662 49
1778343052114 0.8939865366112204 49
