1778342621408 0.47365 0
1778342629587 0.56127 1
1778342638127 0.6587 2
1778342646505 0.73591 3
1778342654886 0.72181 4
1778342663652 0.78983 5
1778342672052 0.16176 6
1778342680453 0.16176 7
1778342688935 0.29957 8
1778342697801 0.37458 9
1778342706316 0.37458 10
1778342714791 0.34191 11
1778342722966 0.34191 12
1778342731262 0.34191 13
1778342739589 0.32556 14
1778342747902 0.32556 15
1778342756288 0.72168 16
1778342765170 0.72168 17
1778342773548 0.72168 18
1778342781868 0.7402 19
1778342790457 0.7402 20
1778342799001 0.7402 21
1778342807274 0.70833 22
1778342815503 0.70833 23
1778342824827 0.76654 24
1778342835880 0.76654 25
1778342845710 0.76654 26
1778342855251 0.76884 27
1778342864360 0.76884 28
1778342876293 0.76884 29
1778342886409 0.82706 30
1778342895974 0.82706 31
1778342904976 0.83292 32
1778342913455 0.83292 33
1778342921708 0.83292 34
1778342930152 0.83683 35
1778342938383 0.83683 36
1778342946566 0.83683 37
1778342955096 0.81813 38
1778342963271 0.81813 39
1778342972593 0.82775 40
1778342981815 0.82775 41
1778342989772 0.82775 42
1778342997932 0.83687 43
1778343006000 0.83687 44
1778343015028 0.83687 45
1778343023358 0.85269 46
1778343031451 0.85269 47
1778343039644 0.85059 48
1778343047609 0.85059 49
1778343052114 0.8167343072921804 49
