1778342620521 8.335e-05 0
1778342628380 0.00017973927399999998 1
1778342636922 0.000272167756 2
1778342645344 0.000360635446 3
1778342653717 0.000445142344 4
1778342662578 0.00052568845 5
1778342670901 0.000602273764 6
1778342679383 0.000674898286 7
1778342687870 0.0007435620160000001 8
1778342696576 0.0008082649540000001 9
1778342705240 0.0008690071000000001 10
1778342713763 0.000925788454 11
1778342721917 0.000978609016 12
1778342730213 0.001027468786 13
1778342738405 0.001072367764 14
1778342746796 0.00111330595 15
1778342755248 0.0011388944 16
1778342764098 0.0011058878 17
1778342772438 0.0010728812000000002 18
1778342780731 0.0010398746 19
1778342789315 0.001006868 20
1778342797848 0.0009738614000000002 21
1778342806142 0.0009408548 22
1778342814423 0.0009078482000000002 23
1778342823322 0.0008748416000000001 24
1778342834347 0.0008418350000000001 25
1778342844522 0.0008088284 26
1778342853981 0.0007758218 27
1778342863072 0.0007428151999999999 28
1778342874847 0.0007098086000000001 29
1778342885016 0.0006768020000000001 30
1778342894479 0.0006437954 31
1778342903779 0.0006107888000000001 32
1778342912356 0.0005777822 33
1778342920620 0.0005447756 34
1778342928969 0.0005117690000000001 35
1778342937254 0.00047876240000000006 36
1778342945480 0.00044575580000000005 37
1778342954016 0.0004127492 38
1778342962205 0.00037974259999999996 39
1778342971403 0.00034673599999999994 40
1778342980587 0.00031372940000000014 41
1778342988687 0.00028072280000000007 42
1778342996689 0.00024771620000000005 43
1778343004852 0.0002147096 44
1778343013352 0.00018170299999999996 45
1778343022166 0.00014869639999999995 46
1778343030294 0.00011568980000000008 47
1778343038455 8.268320000000008e-05 48
1778343046396 4.967660000000004e-05 49
